86
84
83
86
85
81
82
83
82
81
80
80
80
79
81
81
80
79
76
83
79
79
78
76
76
81
80
79
78
76
81
79
78
78
77
77
77
76
76
75
74
74
78
78
78
77
77
77
76
76
76
75
75
75
74
74
74
74
74
73
73
72
77
77
77
77
77
76
76
75
75
75
75
75
75
75
75
74
74
74
74
74
73
73
73
72
72
71
75
74
74
73
73
73
73
73
73
73
73
73
73
72
72
71
71
76
73
73
73
73
72
72
72
72
71
71
71
70
70
66
74
74
74
73
73
72
72
72
72
72
72
71
71
71
70
69
69
73
73
72
72
72
72
72
71
71
71
71
71
71
70
70
70
69
69
69
69
69
68
74
71
71
70
70
70
70
70
69
69
69
69
69
68
68
68
67
74
73
73
72
72
71
71
71
70
70
70
70
70
69
69
69
69
69
69
69
69
69
69
68
68
68
68
68
68
68
67
67
67
67
67
73
71
70
69
69
69
69
69
69
69
69
68
68
68
68
68
68
68
68
67
67
67
67
67
67
67
67
66
66
66
66
66
66
77
70
70
69
69
68
68
68
68
68
68
68
68
68
68
68
68
67
67
67
67
67
67
67
67
67
67
67
67
67
66
66
66
66
66
66
66
66
66
66
66
66
66
65
65
65
65
65
64
64
64
64
64
63
59
73
70
69
69
68
68
68
68
68
68
67
67
67
67
66
66
66
66
66
66
66
65
65
65
65
65
65
65
64
64
64
64
64
64
64
64
69
68
67
66
66
66
66
66
65
65
65
65
65
65
65
65
65
65
65
65
65
65
65
64
64
64
64
64
64
64
64
63
63
63
63
63
62
61
60
68
67
67
66
66
65
65
65
65
65
65
64
64
64
64
63
63
63
63
63
63
63
63
63
63
62
62
61
60
60
60
65
65
64
64
64
64
64
63
63
63
63
63
62
62
62
62
62
62
62
61
61
61
61
61
61
61
61
60
59
58
57
67
64
64
64
63
63
63
63
62
62
62
62
62
62
62
62
62
61
61
61
61
60
60
60
60
60
59
59
59
58
58
58
57
56
56
66
65
64
63
62
61
61
61
61
60
60
60
60
60
59
59
59
59
58
56
61
61
61
60
60
59
59
59
58
58
58
58
58
57
57
57
55
62
61
60
59
59
58
57
56
56
60
58
56
56
60
58
56
58
56
54
53
52
84
85
80
85
83
84
82
85
82
79
84
80
78
79
78
79
78
75
81
76
73
79
79
74
74
74
73
72
79
74
76
72
75
74
73
72
70
68
68
66
69
69
66
71
66
60