84
82
82
82
80
83
81
80
79
80
80
79
80
80
78
78
78
78
79
75
77
75
78
77
77
77
75
75
75
74
71
76
76
74
74
73
75
76
80
75
77
75
74
74
73
73
70
74
73
73
73
74
72
74
75
74
73
75
71
74
74
75
72
71
71
71
74
71
72
73
73
72
72
74
73
74
73
71
71
73
68
72
75
73
73
74
73
71
71
72
73
73
71
75
72
72
72
72
71
68
71
73
73
72
73
72
71
70
69
71
71
71
74
70
71
71
68
70
74
70
70
70
68
70
70
68
71
70
71
71
71
69
71
70
67
70
70
69
68
68
68
70
69
64
69
67
67
69
66
67
69
69
67
68
70
69
69
68
68
68
69
67
67
67
67
69
68
69
68
67
68
68
66
68
69
69
68
68
66
65
69
67
65
68
68
67
66
68
67
66
68
67
69
68
68
68
66
65
68
68
67
65
68
67
66
68
66
67
67
70
68
64
65
66
65
66
65
67
65
65
65
65
67
66
68
66
65
62
67
65
66
65
68
67
67
66
66
65
67
66
66
65
63
66
64
64
63
66
63
66
67
66
65
64
62
66
65
65
65
66
65
65
64
66
66
65
64
64
67
66
65
64
66
63
63
63
67
65
64
64
68
66
65
65
65
64
63
65
67
65
65
65
63
64
67
62
64
64
65
64
64
62
64
64
64
62
63
63
64
64
65
66
65
64
62
64
64
63
63
65
61
65
65
65
64
65
61
65
62
65
62
62
61
59
64
64
59
64
65
62
62
61
62
63
62
65
64
64
64
63
63
62
64
63
63
61
61
63
62
64
63
63
63
61
64
62
63
62
63
65
64
63
67
63
63
63
59
63
61
60
62
62
62
64
64
62
62
64
62
61
62
64
64
62
61
64
60
60
63
63
63
62
62
63
60
61
59
61
61
59
60
59
60
60
60
61
62
62
61
61
60
63
59
62
60
63
61
60
63
62
61
64
62
62
61
59
57
59
61
61
61
57
61
59
61
61
59
62
62
61
60
58
61
59
59
61
60
60
61
61
60
61
59
61
58
58
59
61
62
60
62
58
58
59
60
58
61
58
59
59
61
59
59
58
57
59
61
59
58
61
62
57
57
59
58
55
59
59
59
58
58
57
59
58
57
57
60
58
58
57
57
56
56
56
59
57
52
53
56
56
56
54
53
56
55
52
54
54
54
83
82
81
78
82
81
80
75
80
79
78
77
76
72
74
76
72
75
73
74
75
67
70
67
72
76
74
75
72
71
69
71
70
70
69
66
69
68
68
69
67
66
68
65
64
57