84
85
84
81
83
81
80
79
78
80
80
80
79
78
80
79
79
79
80
78
78
78
79
79
78
77
79
74
75
77
77
75
75
74
77
76
74
76
75
77
76
76
75
74
74
76
75
73
75
75
75
76
76
73
75
75
75
74
72
74
73
75
76
76
75
74
73
74
71
74
74
74
74
73
73
72
70
74
74
73
73
72
75
74
74
74
74
75
74
74
73
74
74
73
73
72
72
72
71
71
70
73
73
74
72
71
72
72
72
70
73
73
72
72
73
73
70
72
71
72
71
70
70
71
69
72
71
70
69
69
69
71
70
69
74
71
71
70
70
70
70
69
69
69
70
70
70
69
69
68
71
69
67
70
69
69
68
68
69
69
69
68
70
69
68
67
67
70
70
70
69
67
71
69
68
70
68
66
65
69
68
67
67
66
67
67
67
65
65
69
68
68
67
67
67
66
66
66
65
69
69
69
68
67
67
66
69
68
67
66
66
69
66
65
69
67
67
66
66
65
64
64
68
68
67
67
67
67
66
66
68
68
67
67
66
66
66
65
66
66
66
66
66
65
64
67
63
65
65
67
66
66
66
66
66
65
65
65
65
64
64
67
67
66
66
66
66
66
65
65
65
65
64
64
68
68
66
66
66
66
65
65
65
65
65
65
64
67
66
66
66
66
68
66
65
65
64
65
66
63
62
65
64
65
64
64
63
63
61
66
64
62
62
66
66
65
65
65
64
63
66
65
65
65
65
64
62
66
66
65
65
64
64
64
63
61
62
62
64
64
64
62
61
65
65
64
64
64
64
64
64
64
63
63
63
63
62
61
65
64
64
64
63
63
62
62
64
64
63
62
61
59
62
62
61
63
63
63
63
63
62
62
61
60
57
63
63
62
61
65
64
63
63
63
63
62
62
61
57
63
63
64
64
63
63
63
62
62
61
61
60
60
63
63
62
61
60
63
63
63
63
61
60
59
64
62
62
62
61
61
61
60
61
62
62
62
58
61
59
58
61
61
59
59
62
62
62
61
60
59
59
59
58
62
62
60
58
62
61
60
59
58
62
61
61
61
60
59
62
59
58
60
62
57
58
60
58
58
57
57
60
59
59
59
57
60
59
59
58
60
59
59
59
58
59
59
58
57
54
61
60
60
58
58
58
58
57
59
58
55
59
58
57
58
56
57
57
54
55
58
56
54
54
55
56
54
54
54
53
86
84
84
80
81
79
78
79
82
79
77
75
78
77
76
76
76
77
75
73
74
74
73
77
74
72
75
74
71
74
69
69
69
69
69
73
68
69
69
71
68
67
67
64
58
56